252 9
247 41
98 17
85 30
194 44
143 6
283 1
290 23
127 24
26 15
114 35
258 1
6 46
80 31
172 2
242 15
103 32
257 23
55 49
236 19
50 1
118 29
87 14
35 11
147 32
215 8
238 16
289 23
287 15
278 42
16 25
272 9
150 34
150 19
178 3
149 26
199 36
141 16
103 6
40 6
193 36
100 30
161 27
240 11
193 32
80 30
245 31
157 7
57 25
186 33
43 12
239 20
230 30
259 43
260 30
188 27
114 28
114 13
140 35
221 18
297 37
115 16
56 38
105 20
91 18
26 2
63 40
78 2
197 43
39 17
169 15
99 36
200 38
160 48
284 15
250 46
238 42
206 38
249 12
110 49
104 43
119 31
81 23
152 3
167 32
73 26
60 44
20 31
205 27
235 34
105 23
219 37
58 20
73 32
100 15
242 24
118 24
1 16
81 4
7 34
